000006 102111
000007 102212
000010 026013
000011 000340
000012 000400
000013 142020
000014 002512
000015 004513
000016 030247
000017 002105
000020 144010
000021 002515
000022 004513
000023 030247
000024 002114
000025 142000
000026 002112
000027 004116
000030 002114
000031 004117
000032 002124
000033 004123
000034 004106
000035 002105
000036 004110
000037 003110
000040 002156
000041 004126
000042 020241
000043 002126
000044 012105
000045 020255
000046 026243
000047 002124
000050 004106
000051 026243
000052 002126
000053 012104
000054 020256
000055 002126
000056 012105
000057 020256
000060 026244
000061 002126
000062 004110
000063 026242
000064 003110
000065 013104
000066 021257
000067 003110
000070 013105
000071 021257
000072 002126
000073 004110
000074 026242
000075 002106
000076 014001
000077 004106
000100 002126
000101 004110
000102 030240
000103 002522
000104 020642
000105 002106
000106 004107
000107 002125
000110 004123
000111 026241
000112 002516
000113 014401
000114 004516
000115 026246
000116 002123
000117 020245
000120 002105
000121 144010
000122 002530
000123 004513
000124 030247
000125 002105
000126 144010
000127 002532
000130 004513
000131 030247
000132 002107
000133 010111
000134 144010
000135 000000
000136 002531
000137 004513
000140 030247
000141 000000
000142 002153
000143 020250
000144 144010
000145 003113
000146 015001
000147 005113
000150 026247
000151 032000
000152 002116
000153 004120
000154 002117
000155 004121
000156 002125
000157 004122
000160 002561
000161 020652
000162 003160
000163 021253
000164 005126
000165 004527
000166 002126
000167 012127
000170 020254
000171 026253
000172 002520
000173 014401
000174 004520
000175 002521
000176 014401
000177 004521
000200 026251
000201 032000
000202 002124
000203 004122
000204 032000
000344 000040
000345 000012
000346 000000
000347 000000
000350 000012
000351 000060
000352 000454
000353 000000
000354 000764
000355 001130
000356 000000
000357 000000
000360 000000
000361 000000
000362 000000
000363 000000
000364 000000
000365 000001
000366 000000
000367 000000
000370 001145
000371 001154
000372 001166
000400 000152
000401 000116
000402 000112
000403 000052
000404 000064
000405 000136
000406 000037
000407 000142
000410 000151
000411 000160
000412 000201
000413 000202
000414 000172
000415 000047
000416 000061
000417 000075
000420 000000
001130 000105
001131 000156
001132 000164
001133 000145
001134 000162
001135 000040
001136 000167
001137 000157
001140 000162
001141 000144
001142 000072
001143 000040
001144 000000
001145 000106
001146 000157
001147 000165
001150 000156
001151 000144
001152 000041
001153 000000
001154 000116
001155 000157
001156 000164
001157 000040
001160 000146
001161 000157
001162 000165
001163 000156
001164 000144
001165 000000
001166 000040
001167 000127
001170 000157
001171 000162
001172 000144
001173 000040
001174 000043
001175 000072
001176 000040
001177 000000
