000006 000000
000007 006006
000010 014003
000011 062154
000012 004024
000013 102124
000014 003500
000015 007406
000016 003406
000017 015424
000020 144010
000021 142000
000022 102124
000023 002024
000024 004024
000025 102124
000026 007024
000027 003500
000030 145430
000031 104124
000032 002024
000033 014001
000034 004024
000035 102124
000036 035027
000037 003406
000040 015401
000041 002024
000042 014024
000043 004025
000044 144010
000045 142000
000046 102125
000047 003500
000050 145430
000051 000000
