000006 006012
000007 014003
000010 062154
000011 004024
000012 102124
000013 003500
000014 007012
000015 015001
000016 063154
000017 005026
000020 102226
000021 003613
000022 015424
000023 144010
000024 142000
000025 102124
000026 002024
000027 004027
000030 002613
000031 014424
000032 102127
000033 003500
000034 145430
000035 002027
000036 014001
000037 004027
000040 034432
000041 003613
000042 015401
000043 002024
000044 014024
000045 004025
000046 144010
000047 142000
000050 102125
000051 003500
000052 005415
000053 002024
000054 004016
000055 002614
000056 003215
000057 005020
000060 003213
000061 005022
000062 003415
000063 102116
000064 003100
000065 005021
000066 013015
000067 037033
000070 005017
000071 003213
000072 013017
000073 005017
000074 003017
000075 013020
000076 037003
000077 003017
000100 005020
000101 003021
000102 005022
000103 002016
000104 014001
000105 004016
000106 034423
000107 003422
000110 145430
000111 000000
000112 000000
000113 000024
000114 37777777777
000115 000000
000116 000000
000117 000000
000120 000000
000121 000000
000122 000000
